100 10 17.7185 51863 0.509892
100 8 17.9882 52177 0.521325
100 4 18.3329 52407 0.535418
100 2 18.5848 52789 0.559934
100 1 18.7285 53138 0.56472
100 0.5 18.661 53197 0.568922
500 10 21.0356 62553 0.752234
500 8 21.1858 63134 0.759253
500 4 21.4476 64770 0.775314
500 2 21.5304 66115 0.786801
500 1 21.569 67199 0.79983
500 0.5 21.6364 68087 0.796692
2500 10 24.1661 94091 0.951127
2500 8 24.2253 94910 0.951287
2500 4 24.3641 97117 0.952829
2500 2 24.4097 99403 0.952031
2500 1 24.4335 100735 0.951925
2500 0.5 24.4352 102159 0.9515
5000 10 25.4643 124998 0.98628
5000 8 25.5268 126000 0.986545
5000 4 25.6212 128833 0.987077
5000 2 25.7083 131126 0.986758
5000 1 25.712 132902 0.985269
5000 0.5 25.7418 134284 0.985907
10000 10 27.327 176451 0.998617
10000 8 27.3487 177530 0.998511
10000 4 27.4439 180840 0.99867
10000 2 27.5009 183655 0.998777
10000 1 27.5215 186035 0.99867
10000 0.5 27.5389 187700 0.998564
15000 10 28.4405 219976 0.999787
15000 8 28.5034 221021 0.999787
15000 4 28.609 224114 0.99984
15000 2 28.6524 227224 0.999681
15000 1 28.6926 230189 0.999575
15000 0.5 28.7226 232114 0.999521
20000 10 29.2565 261209 0.999894
20000 8 29.3277 262543 0.999894
20000 4 29.4413 266202 0.999894
20000 2 29.5079 269682 0.999947
20000 1 29.549 272804 0.999947
20000 0.5 29.5507 275312 0.999894
