100 10 19.3731 53428 0.336772
100 8 19.6032 53789 0.335052
100 4 19.7224 54072 0.345539
100 2 19.7139 54112 0.345023
100 1 19.7567 54388 0.353189
100 0.5 19.8218 54426 0.327832
500 10 20.8252 66248 0.616813
500 8 20.8631 66989 0.615352
500 4 20.9852 67766 0.627557
500 2 20.9794 68807 0.636926
500 1 21.0047 69019 0.638044
500 0.5 21.0641 69968 0.640708
2500 10 23.4971 98283 0.90863
2500 8 23.5272 98840 0.90777
2500 4 23.6165 100656 0.906481
2500 2 23.7063 101514 0.907341
2500 1 23.6749 102463 0.907598
2500 0.5 23.7206 102975 0.9082
5000 10 25.0824 129483 0.974471
5000 8 25.1387 130244 0.974128
5000 4 25.2634 132135 0.973526
5000 2 25.2803 133092 0.972237
5000 1 25.329 134019 0.971033
5000 0.5 25.3748 134726 0.96983
10000 10 27.2024 179662 0.997765
10000 8 27.2659 180643 0.997765
10000 4 27.3931 183178 0.998367
10000 2 27.4377 184681 0.997937
10000 1 27.4493 185917 0.998195
10000 0.5 27.4828 186469 0.997335
15000 10 28.4758 221881 0.999656
15000 8 28.5418 222845 0.999656
15000 4 28.68 225665 0.999914
15000 2 28.7133 227888 0.999914
15000 1 28.7348 229204 0.999828
15000 0.5 28.7514 229955 0.999914
20000 10 29.3479 260596 1
20000 8 29.4258 261979 1
20000 4 29.5656 265706 1
20000 2 29.6551 268459 1
20000 1 29.6647 269535 1
20000 0.5 29.6843 270413 1
