100 10 19.9422 50074 0.664876
100 8 20.1131 50127 0.670932
100 4 20.9362 50257 0.693788
100 2 21.3902 50510 0.716253
100 1 21.4631 50830 0.717132
100 0.5 21.4715 50927 0.719965
500 10 25.7564 56047 0.853682
500 8 25.8106 56215 0.857394
500 4 26.0014 56866 0.860227
500 2 26.1697 57699 0.859055
500 1 26.3706 58584 0.866087
500 0.5 26.1712 59390 0.860422
2500 10 28.1614 82844 0.968646
2500 8 28.1349 83186 0.968939
2500 4 28.2493 84212 0.9706
2500 2 28.3271 85482 0.968451
2500 1 28.3514 86694 0.966497
2500 0.5 28.3718 88272 0.967376
5000 10 29.5841 108052 0.991112
5000 8 29.5836 108382 0.990819
5000 4 29.6831 109743 0.9916
5000 2 29.7339 110975 0.991991
5000 1 29.7615 112767 0.990525
5000 0.5 29.7549 114432 0.990819
10000 10 30.8785 153295 0.999512
10000 8 30.9038 153768 0.999512
10000 4 30.9653 155423 0.999414
10000 2 31.0165 156943 0.999316
10000 1 31.0188 158364 0.999121
10000 0.5 31.0384 160373 0.999219
15000 10 31.7763 193668 1
15000 8 31.8361 194083 1
15000 4 31.8761 195331 1
15000 2 31.9126 196613 1
15000 1 31.9371 198031 0.999902
15000 0.5 31.9386 199074 0.999805
20000 10 32.7279 232829 1
20000 8 32.7843 233246 1
20000 4 32.8536 234534 1
20000 2 32.8794 235972 1
20000 1 32.8917 237262 1
20000 0.5 32.896 238409 1
