100 10 19.2263 51424 0.522634
100 8 19.2623 51519 0.547974
100 4 19.3324 51773 0.558796
100 2 19.367 52043 0.573314
100 1 19.4291 52117 0.576613
100 0.5 19.4011 51698 0.581761
500 10 20.3362 64302 0.738023
500 8 20.4043 64542 0.734196
500 4 20.4717 65465 0.736835
500 2 20.487 66304 0.762571
500 1 20.5197 66566 0.754388
500 0.5 20.5787 66588 0.756368
2500 10 22.0713 96496 0.925036
2500 8 22.13 96987 0.922661
2500 4 22.1775 98373 0.9286
2500 2 22.1699 98898 0.920813
2500 1 22.1856 99493 0.921605
2500 0.5 22.2105 100191 0.937178
5000 10 23.0827 128227 0.981919
5000 8 23.1167 128689 0.982579
5000 4 23.1313 129662 0.983635
5000 2 23.1225 130600 0.984691
5000 1 23.1392 130783 0.984163
5000 0.5 23.1244 131051 0.981259
10000 10 24.7804 179900 0.99934
10000 8 24.8065 180341 0.999604
10000 4 24.8637 181365 0.998944
10000 2 24.8778 182081 0.99934
10000 1 24.8763 182421 0.99934
10000 0.5 24.882 182763 0.999208
15000 10 25.8817 225026 1
15000 8 25.9179 225482 1
15000 4 25.9469 226368 0.999868
15000 2 25.9655 227134 1
15000 1 25.9857 227723 1
15000 0.5 25.9757 227793 1
20000 10 26.8941 265216 1
20000 8 26.9288 265871 1
20000 4 26.9991 267230 1
20000 2 27.0028 268184 1
20000 1 27.0213 268786 1
20000 0.5 27.0203 269133 1
