100 10 24.3303 49975 0.615134
100 8 24.4691 50013 0.631413
100 4 24.9946 50460 0.645223
100 2 25.3427 50425 0.675087
100 1 25.3197 50488 0.69058
100 0.5 25.3764 50602 0.696306
500 10 27.2304 57752 0.795666
500 8 27.2985 57977 0.796115
500 4 27.5537 58994 0.814977
500 2 27.7113 59728 0.82845
500 1 27.7889 60674 0.831481
500 0.5 27.8584 61630 0.848771
2500 10 29.8962 85856 0.950488
2500 8 30.0002 86226 0.948917
2500 4 30.1643 87726 0.955877
2500 2 30.3027 89131 0.956663
2500 1 30.3885 90693 0.95599
2500 0.5 30.397 91971 0.958123
5000 10 31.1126 113695 0.985517
5000 8 31.2005 114374 0.986191
5000 4 31.4328 116553 0.986415
5000 2 31.5513 118375 0.985742
5000 1 31.5936 120152 0.984507
5000 0.5 31.6417 121175 0.983833
10000 10 32.7995 161669 0.998765
10000 8 32.9141 162406 0.99899
10000 4 33.1482 164359 0.998877
10000 2 33.2703 166101 0.99899
10000 1 33.3502 167629 0.999102
10000 0.5 33.3709 168713 0.998653
15000 10 34.0177 203309 0.999888
15000 8 34.1237 203877 0.999888
15000 4 34.3532 205516 1
15000 2 34.4847 206991 0.999888
15000 1 34.5713 208629 0.999888
15000 0.5 34.6066 209663 0.999888
20000 10 34.8706 242665 1
20000 8 34.9934 243211 1
20000 4 35.2466 245008 0.999888
20000 2 35.3666 246523 0.999888
20000 1 35.4623 248022 0.999888
20000 0.5 35.4898 249000 1
