100 10 20.1181 51352.8 0.529862
100 8 20.2872 51525 0.541339
100 4 20.6637 51793.8 0.555753
100 2 20.8797 51975.8 0.573922
100 1 20.9394 52192.2 0.580447
100 0.5 20.9464 52170 0.578957
500 10 23.0368 61380.4 0.751284
500 8 23.1125 61771.4 0.752462
500 4 23.2919 62772.2 0.762982
500 2 23.3756 63730.6 0.774761
500 1 23.4506 64408.4 0.777966
500 0.5 23.4618 65132.6 0.780592
2500 10 25.5584 91514 0.940785
2500 8 25.6035 92029.8 0.939915
2500 4 25.7143 93616.8 0.942877
2500 2 25.7831 94885.6 0.94106
2500 1 25.8068 96015.6 0.940723
2500 0.5 25.827 97113.6 0.944475
5000 10 26.8652 120891 0.98386
5000 8 26.9133 121538 0.984052
5000 4 27.0264 123385 0.984451
5000 2 27.0793 124834 0.984284
5000 1 27.1071 126125 0.983099
5000 0.5 27.1275 127134 0.98233
10000 10 28.5976 170195 0.9988
10000 8 28.6478 170938 0.998876
10000 4 28.7628 173033 0.998854
10000 2 28.8206 174692 0.998872
10000 1 28.8432 176073 0.998886
10000 0.5 28.8626 177204 0.998596
15000 10 29.7184 212772 0.999866
15000 8 29.7846 213462 0.999866
15000 4 29.893 215399 0.999924
15000 2 29.9457 217170 0.999897
15000 1 29.9843 218755 0.999839
15000 0.5 29.999 219720 0.999826
20000 10 30.6194 252503 0.999979
20000 8 30.692 253370 0.999979
20000 4 30.8212 255736 0.999956
20000 2 30.8824 257764 0.999967
20000 1 30.9178 259282 0.999967
20000 0.5 30.9282 260453 0.999979
