100 10 19.0799 49213 0.412828
100 8 19.0904 49034 0.437244
100 4 19.2576 49596 0.427082
100 2 19.1632 49643 0.451498
100 1 19.1042 49164 0.443579
100 0.5 18.9578 49191 0.413752
500 10 20.0763 52068 0.598918
500 8 20.0662 52409 0.614623
500 4 20.0471 53096 0.629669
500 2 20.0105 53683 0.631648
500 1 19.9603 54017 0.616207
500 0.5 19.9145 54075 0.613435
2500 10 20.9947 66666 0.824733
2500 8 21.0065 67284 0.828032
2500 4 21.0016 68722 0.851524
2500 2 20.9736 69508 0.843738
2500 1 20.9358 70233 0.836215
2500 0.5 20.9348 70304 0.836611
5000 10 21.4187 80881 0.922661
5000 8 21.4147 81654 0.922265
5000 4 21.3876 83988 0.92596
5000 2 21.344 85575 0.923321
5000 1 21.3252 86635 0.919229
5000 0.5 21.3095 87097 0.916854
10000 10 21.9141 111216 0.983503
10000 8 21.8596 113722 0.980467
10000 4 21.689 118307 0.977564
10000 2 21.5791 120310 0.973076
10000 1 21.4672 122232 0.968721
10000 0.5 21.4135 122524 0.972285
15000 10 22.3794 136260 0.995777
15000 8 22.2943 139756 0.995513
15000 4 22.1093 147056 0.99063
15000 2 22.0074 151345 0.989442
15000 1 21.8714 154530 0.98865
15000 0.5 21.8575 154579 0.989046
20000 10 22.8604 158672 0.999604
20000 8 22.7786 163757 0.99934
20000 4 22.5214 174214 0.997756
20000 2 22.3864 179372 0.995777
20000 1 22.264 184316 0.994457
20000 0.5 22.2356 185295 0.994061
