100 10 21.8433 48977 0.714397
100 8 21.8346 49588 0.711662
100 4 22.0062 49905 0.720356
100 2 21.759 50656 0.727584
100 1 21.4626 49785 0.722895
100 0.5 21.3131 49189 0.723383
500 10 23.6209 50640 0.829459
500 8 23.5533 51314 0.828482
500 4 23.6748 54344 0.837957
500 2 23.6675 55641 0.836198
500 1 23.4999 54820 0.81344
500 0.5 23.3336 53611 0.825259
2500 10 25.3182 61894 0.92479
2500 8 25.3561 61976 0.929674
2500 4 25.3109 63956 0.934851
2500 2 25.2539 71510 0.936023
2500 1 25.0812 73890 0.93319
2500 0.5 24.9198 72705 0.934851
5000 10 25.9007 72994 0.96093
5000 8 25.8879 73557 0.961711
5000 4 25.834 75699 0.970404
5000 2 25.766 81854 0.971381
5000 1 25.6101 93485 0.969525
5000 0.5 25.4285 92681 0.969525
10000 10 26.3762 96391 0.991893
10000 8 26.3418 97965 0.991502
10000 4 26.2143 107777 0.990428
10000 2 26.0228 111910 0.992088
10000 1 25.8091 117635 0.991502
10000 0.5 25.444 130849 0.991502
15000 10 26.996 117193 0.998535
15000 8 26.9182 118448 0.997949
15000 4 26.8452 123762 0.997656
15000 2 26.739 135612 0.997167
15000 1 26.4249 166298 0.99707
15000 0.5 26.2639 167224 0.99746
20000 10 27.479 137230 0.999805
20000 8 27.4486 138958 0.999707
20000 4 27.2756 145115 0.999414
20000 2 27.1461 151772 0.999512
20000 1 26.8351 190360 0.999219
20000 0.5 26.7281 203974 0.999219
