100 10 24.3469 48655 0.587403
100 8 24.7336 48809 0.633322
100 4 24.667 48907 0.653194
100 2 24.6767 49090 0.654878
100 1 23.9726 49063 0.655889
100 0.5 24.3085 48954 0.665881
500 10 26.181 50042 0.673066
500 8 26.1345 50461 0.694398
500 4 26.185 51899 0.75233
500 2 26.0544 52324 0.760862
500 1 25.7969 53020 0.755361
500 0.5 26.043 52534 0.751431
2500 10 28.2176 62068 0.85517
2500 8 28.2455 62521 0.86404
2500 4 28.2775 64737 0.90165
2500 2 28.1277 68985 0.911418
2500 1 27.9656 70646 0.907938
2500 0.5 27.87 70328 0.905804
5000 10 28.9584 73966 0.93376
5000 8 28.972 74731 0.938475
5000 4 28.9474 77492 0.946896
5000 2 28.8401 81361 0.957449
5000 1 28.6839 86588 0.956888
5000 0.5 28.6178 87564 0.952734
10000 10 29.748 97376 0.987875
10000 8 29.7126 100023 0.987426
10000 4 29.3782 107828 0.988212
10000 2 29.1075 112071 0.987426
10000 1 28.7646 117530 0.986415
10000 0.5 28.523 122068 0.98518
15000 10 30.3753 117423 0.998765
15000 8 30.2601 119772 0.997755
15000 4 30.0613 127804 0.995509
15000 2 29.816 137973 0.996183
15000 1 29.4355 151375 0.99405
15000 0.5 29.3721 153354 0.994723
20000 10 31.0501 139294 1
20000 8 30.9482 141220 0.999888
20000 4 30.6591 149940 0.999439
20000 2 30.428 160538 0.998653
20000 1 30.016 177904 0.998877
20000 0.5 29.8806 184122 0.99854
