100 10 20.71 49406.2 0.49937
100 8 20.8386 49629.8 0.51763
100 4 20.8495 50061.6 0.523707
100 2 20.7349 50408.6 0.528183
100 1 20.46 50031 0.515787
100 0.5 20.4764 49928 0.512915
500 10 22.2254 52100.6 0.656238
500 8 22.2038 52543.2 0.668305
500 4 22.2371 54037 0.694776
500 2 22.1513 54694.4 0.690435
500 1 22.0334 54726 0.676696
500 0.5 22.0169 54413.4 0.673716
2500 10 23.7852 64885 0.844461
2500 8 23.8163 65425.2 0.852087
2500 4 23.813 67579 0.875781
2500 2 23.7473 70872.6 0.878022
2500 1 23.6316 72177.2 0.873819
2500 0.5 23.5796 71988.2 0.87082
5000 10 24.4579 77581 0.93089
5000 8 24.4657 78382 0.932661
5000 4 24.4305 81133.4 0.941243
5000 2 24.3418 84969.4 0.941645
5000 1 24.2276 89521 0.937845
5000 0.5 24.1669 90058.8 0.934624
10000 10 25.0509 103623 0.986179
10000 8 25.005 106155 0.984979
10000 4 24.81 113702 0.982532
10000 2 24.6157 117709 0.98
10000 1 24.3801 122065 0.976947
10000 0.5 24.2105 126144 0.97785
15000 10 25.661 125547 0.997682
15000 8 25.5681 128145 0.99694
15000 4 25.3885 136734 0.994304
15000 2 25.2169 145522 0.993094
15000 1 24.9354 158019 0.991767
15000 0.5 24.8903 158751 0.992244
20000 10 26.2141 146917 0.999775
20000 8 26.1293 150178 0.999568
20000 4 25.8507 160788 0.998816
20000 2 25.6829 168903 0.997944
20000 1 25.4085 185562 0.997119
20000 0.5 25.338 190694 0.996913
