100 10 18.6053 49607 0.488513
100 8 18.8091 49860 0.512816
100 4 18.6811 50120 0.516805
100 2 18.4764 50340 0.509466
100 1 18.2895 50167 0.484525
100 0.5 18.3356 49953 0.508509
500 10 20.7787 52530 0.666082
500 8 20.788 52810 0.682621
500 4 20.776 54489 0.709743
500 2 20.6075 54897 0.70602
500 1 20.5389 54948 0.69916
500 0.5 20.5276 54934 0.687566
2500 10 22.4688 65904 0.846682
2500 8 22.5169 66664 0.856414
2500 4 22.488 69913 0.882046
2500 2 22.4353 72564 0.889492
2500 1 22.3031 73608 0.882312
2500 0.5 22.3074 74061 0.880291
5000 10 23.2657 79112 0.937407
5000 8 23.2869 80013 0.93996
5000 4 23.2258 83405 0.949426
5000 2 23.1324 88213 0.948734
5000 1 22.9726 91819 0.945012
5000 0.5 22.9569 93187 0.940332
10000 10 23.8369 105718 0.986705
10000 8 23.8016 108524 0.986386
10000 4 23.6522 117026 0.985854
10000 2 23.4405 122762 0.982823
10000 1 23.1593 128489 0.980217
10000 0.5 23.0583 130582 0.980164
15000 10 24.4751 127558 0.998086
15000 8 24.4001 129804 0.997607
15000 4 24.2198 140899 0.99649
15000 2 24.0314 152076 0.995054
15000 1 23.6852 162327 0.993246
15000 0.5 23.714 162861 0.993831
20000 10 25.0346 149793 0.999894
20000 8 24.9404 152892 0.999681
20000 4 24.645 165607 0.999362
20000 2 24.4719 176148 0.999043
20000 1 24.1913 191415 0.998458
20000 0.5 24.1111 194681 0.998245
