100 10 19.6746 50579 0.293708
100 8 19.7253 50858 0.293106
100 4 19.6354 51780 0.3011
100 2 19.5992 52314 0.29749
100 1 19.471 51976 0.272047
100 0.5 19.4672 52353 0.253051
500 10 20.4703 55223 0.513667
500 8 20.4768 55722 0.521403
500 4 20.5024 56357 0.544181
500 2 20.4167 56927 0.517449
500 1 20.371 56825 0.499312
500 0.5 20.266 56913 0.490889
2500 10 21.9269 67893 0.77093
2500 8 21.9566 68681 0.782276
2500 4 21.9872 70567 0.808836
2500 2 21.9461 71796 0.809438
2500 1 21.8721 72509 0.809438
2500 0.5 21.8658 72543 0.796545
5000 10 22.7459 80952 0.899691
5000 8 22.7668 81955 0.900894
5000 4 22.7576 85083 0.913529
5000 2 22.6263 87844 0.907341
5000 1 22.5463 89078 0.898573
5000 0.5 22.5216 89765 0.893674
10000 10 23.3794 107415 0.980918
10000 8 23.3096 110543 0.979113
10000 4 23.1161 117574 0.970603
10000 2 22.9285 121492 0.964587
10000 1 22.7003 124439 0.957882
10000 0.5 22.6138 124697 0.960117
15000 10 24.0791 129299 0.997249
15000 8 23.9678 132943 0.995874
15000 4 23.7068 144148 0.991233
15000 2 23.4907 150603 0.987622
15000 1 23.2599 155563 0.985817
15000 0.5 23.2438 155736 0.986161
20000 10 24.6464 149595 0.99957
20000 8 24.5306 154061 0.999226
20000 4 24.1526 169064 0.998109
20000 2 23.9822 176687 0.996734
20000 1 23.7362 183817 0.994585
20000 0.5 23.7347 185400 0.994499
