100 10 26.4893 55823 0.944227
100 8 26.6319 56218 0.950674
100 4 26.7943 58442 0.967181
100 2 26.7813 60262 0.973139
100 1 26.9633 61639 0.980367
100 0.5 27.0213 62612 0.982125
500 10 30.0931 63752 0.955753
500 8 30.3272 65113 0.961711
500 4 30.6738 68870 0.978023
500 2 31.0198 72627 0.986228
500 1 31.0427 75346 0.989646
500 0.5 31.1752 77639 0.991112
2500 10 32.2189 91125 0.988767
2500 8 32.4699 92500 0.990819
2500 4 33.1772 96838 0.994433
2500 2 33.5241 101376 0.996679
2500 1 33.724 105169 0.998046
2500 0.5 33.7404 108136 0.997363
5000 10 33.2985 118716 0.997949
5000 8 33.578 120249 0.998144
5000 4 34.4713 125259 0.99873
5000 2 34.9226 130437 0.999316
5000 1 35.0882 134660 0.998926
5000 0.5 35.2142 138523 0.999023
10000 10 34.3547 168591 1
10000 8 34.7292 170048 0.999902
10000 4 35.4707 174803 1
10000 2 35.8237 180038 1
10000 1 36.0365 184571 1
10000 0.5 36.1076 188435 0.999902
15000 10 35.5282 212889 1
15000 8 35.8825 214082 1
15000 4 36.6978 218557 1
15000 2 37.1342 223393 1
15000 1 37.3971 228692 1
15000 0.5 37.4813 232738 1
20000 10 36.4131 254333 1
20000 8 36.746 255318 1
20000 4 37.6526 258944 1
20000 2 38.1653 263036 1
20000 1 38.4105 267023 1
20000 0.5 38.5655 270995 1
