100 10 26.0646 85761 0.909595
100 8 26.4906 89363 0.918173
100 4 27.1613 99241 0.935331
100 2 27.4717 104459 0.942062
100 1 27.6811 107003 0.943645
100 0.5 27.4527 107471 0.93863
500 10 26.8981 106317 0.951564
500 8 27.3923 111693 0.960406
500 4 28.5215 125126 0.980203
500 2 28.9033 133822 0.984691
500 1 29.0811 137865 0.98733
500 0.5 29.1536 140022 0.988914
2500 10 27.7335 128396 0.984559
2500 8 28.2876 133581 0.989706
2500 4 29.4855 147849 0.996305
2500 2 30.0294 157493 0.998812
2500 1 30.2822 163425 0.998812
2500 0.5 30.3439 166373 0.99934
5000 10 28.379 157092 0.996964
5000 8 28.9506 162631 0.997624
5000 4 30.2519 178510 0.999208
5000 2 30.901 188946 0.999604
5000 1 31.2243 194664 0.999736
5000 0.5 31.3377 197252 0.999736
10000 10 29.1612 203262 0.999736
10000 8 29.6881 208219 0.999736
10000 4 30.8942 221935 0.999868
10000 2 31.5659 230093 0.999868
10000 1 31.8846 235752 1
10000 0.5 32.0031 238954 1
15000 10 30.101 246226 1
15000 8 30.6123 249549 1
15000 4 31.9362 260632 1
15000 2 32.6564 269867 1
15000 1 32.9723 276107 1
15000 0.5 33.1061 280012 1
20000 10 30.8862 280520 1
20000 8 31.4321 283804 1
20000 4 32.6853 294645 1
20000 2 33.4058 303961 1
20000 1 33.7239 310101 1
20000 0.5 33.881 314067 1
