100 10 26.496 69698.2 0.881823
100 8 26.7836 71830 0.896919
100 4 27.2993 78161.6 0.925781
100 2 27.5307 82496.6 0.940982
100 1 27.6662 84741.8 0.946342
100 0.5 27.6465 85759 0.947858
500 10 28.3264 83046.8 0.92016
500 8 28.7161 86382.4 0.933182
500 4 29.4821 95748 0.962278
500 2 29.874 102897 0.975446
500 1 30.0159 107183 0.979593
500 0.5 30.1193 109640 0.981772
2500 10 30.0726 107777 0.976406
2500 8 30.4767 111102 0.980485
2500 4 31.4434 121106 0.988052
2500 2 31.9352 129277 0.993078
2500 1 32.1756 135116 0.994994
2500 0.5 32.2551 138689 0.995741
5000 10 31.0493 136190 0.995114
5000 8 31.4926 139654 0.995205
5000 4 32.5946 150600 0.996807
5000 2 33.1951 159971 0.997697
5000 1 33.4774 166488 0.998179
5000 0.5 33.6044 170687 0.998527
10000 10 32.2137 184978 0.999836
10000 8 32.6643 188097 0.999832
10000 4 33.7222 197772 0.999929
10000 2 34.2957 206145 0.999896
10000 1 34.6186 212551 0.999914
10000 0.5 34.7386 216946 0.999912
15000 10 33.3134 229097 0.999944
15000 8 33.7609 231699 0.999938
15000 4 34.8974 240057 0.999955
15000 2 35.5671 247922 0.999979
15000 1 35.8966 254573 1
15000 0.5 36.0534 259095 1
20000 10 34.123 267077 1
20000 8 34.5789 269201 1
20000 4 35.7028 276558 1
20000 2 36.401 284046 1
20000 1 36.7393 290213 1
20000 0.5 36.9208 294841 1
