100 10 29.6359 58775 0.866622
100 8 29.8743 60002 0.889525
100 4 30.5077 65228 0.919389
100 2 30.9558 70923 0.941843
100 1 31.1335 74007 0.953407
100 0.5 31.1972 75981 0.955541
500 10 31.486 69394 0.914
500 8 31.9282 72043 0.930504
500 4 32.8557 81170 0.965196
500 2 33.4128 89798 0.978668
500 1 33.6718 96714 0.983159
500 0.5 33.7875 100719 0.986078
2500 10 33.4175 94739 0.975525
2500 8 33.8483 97178 0.980465
2500 4 35.0319 106521 0.990345
2500 2 35.7447 116339 0.994386
2500 1 36.0921 124610 0.996856
2500 0.5 36.2733 130368 0.997867
5000 10 34.5331 123037 0.996183
5000 8 35.0264 125510 0.995958
5000 4 36.39 135214 0.997979
5000 2 37.2498 145872 0.99854
5000 1 37.6645 155082 0.999326
5000 0.5 37.8561 161838 0.999551
10000 10 35.8484 172830 0.999775
10000 8 36.3367 174938 0.999888
10000 4 37.6964 182690 1
10000 2 38.5096 191906 0.999888
10000 1 39.0075 200721 1
10000 0.5 39.2133 207523 1
15000 10 36.9639 217448 0.999775
15000 8 37.4333 219023 0.999775
15000 4 38.8042 225908 0.999775
15000 2 39.7622 234692 1
15000 1 40.2832 243374 1
15000 0.5 40.5677 249510 1
20000 10 37.7795 257399 1
20000 8 38.2782 258957 1
20000 4 39.5992 264434 1
20000 2 40.6219 271261 1
20000 1 41.1329 278315 1
20000 0.5 41.4456 284431 1
