100 10 26.0893 81708 0.843906
100 8 26.5386 85158 0.866512
100 4 27.2678 93804 0.906825
100 2 27.5451 98600 0.927798
100 1 27.6795 101127 0.936135
100 0.5 27.7314 102070 0.942926
500 10 26.9475 96020 0.880523
500 8 27.4277 100609 0.90141
500 4 28.3251 112397 0.941465
500 2 28.7101 120128 0.966306
500 1 28.8597 123814 0.969314
500 0.5 28.9245 125646 0.972323
2500 10 28.428 118256 0.960461
2500 8 28.8759 122615 0.96579
2500 4 29.8982 134389 0.97662
2500 2 30.3877 142767 0.985989
2500 1 30.609 147948 0.988912
2500 0.5 30.6902 150575 0.990889
5000 10 29.392 145834 0.990803
5000 8 29.8923 150290 0.990201
5000 4 30.9854 163434 0.992264
5000 2 31.5508 173713 0.993897
5000 1 31.8291 179594 0.994929
5000 0.5 31.9351 182742 0.996132
10000 10 30.6736 192615 0.999828
10000 8 31.1616 196645 0.999742
10000 4 32.2652 208785 0.999828
10000 2 32.8434 218490 0.999828
10000 1 33.1594 223702 0.99957
10000 0.5 33.2658 226651 0.999656
15000 10 31.8638 235138 1
15000 8 32.3603 239055 0.999914
15000 4 33.5639 249156 1
15000 2 34.2362 257747 1
15000 1 34.5492 264044 1
15000 0.5 34.7025 267761 1
20000 10 32.6202 269947 1
20000 8 33.1244 272719 1
20000 4 34.3116 282156 1
20000 2 34.9902 291135 1
20000 1 35.3497 297812 1
20000 0.5 35.4679 301846 1
