100 10 24.2007 66424 0.844767
100 8 24.3828 68409 0.859711
100 4 24.7654 74093 0.900181
100 2 24.8995 78239 0.92007
100 1 24.8734 79933 0.918156
100 0.5 24.8297 80661 0.92007
500 10 26.2074 79751 0.898958
500 8 26.505 82454 0.91188
500 4 27.0344 91177 0.946501
500 2 27.3239 98108 0.961338
500 1 27.4242 102176 0.968517
500 0.5 27.5557 104175 0.970432
2500 10 28.5651 106367 0.972719
2500 8 28.9019 109636 0.975643
2500 4 29.624 119933 0.982557
2500 2 29.9901 128408 0.989524
2500 1 30.1708 134427 0.992342
2500 0.5 30.2278 137993 0.993246
5000 10 29.644 136270 0.993672
5000 8 30.0158 139592 0.994097
5000 4 30.8746 150581 0.995852
5000 2 31.3512 160887 0.997128
5000 1 31.5808 168440 0.997979
5000 0.5 31.6788 173082 0.998192
10000 10 31.0305 187592 0.99984
10000 8 31.4061 190633 0.999894
10000 4 32.2846 200646 0.999947
10000 2 32.7359 210199 0.999894
10000 1 33.005 218011 1
10000 0.5 33.1031 223169 1
15000 10 32.1103 233783 0.999947
15000 8 32.516 236788 1
15000 4 33.4851 246033 1
15000 2 34.0465 253909 0.999894
15000 1 34.2814 260650 1
15000 0.5 34.4092 265456 1
20000 10 32.9158 273186 1
20000 8 33.3139 275205 1
20000 4 34.2654 282611 1
20000 2 34.8217 290835 1
20000 1 35.0795 297816 1
20000 0.5 35.2442 302864 1
